1,       # Enable
1,       # attackdBPerSec
1,       # releasedBPerSec
0,       # UpperThresholddB
0,       # LowerThresholddB
0,       # MasterGaindB
1,       # MasterGainLin
64,      # tableSize
0,       # Enable1
0,       # IsAdaptive1
0,       # Enable2
0,       # IsAdaptive2
1,       # Enable3
0,       # IsAdaptive3
1,       # Enable4
0,       # IsAdaptive4
0,       # Enable5
0,       # IsAdaptive5
0,       # Enable6
0,       # IsAdaptive6
0,       # Enable7
0,       # IsAdaptive7
0,       # Enable8
0,       # IsAdaptive8
1,       # Enable9
0,       # IsAdaptive9
0,       # Enable10
0,       # IsAdaptive10
0,       # Enable11
0,       # IsAdaptive11
0,       # Enable12
0,       # IsAdaptive12
0,9.449233e-06,3.779658e-05,8.504096e-05,0.0001511806,0.000236213,0.0003401349,0.0004629424,0.000604631,0.0007651951,0.0009446287,0.001142925,0.001360077,0.001596076,0.001850913,0.002124578,0.002417061,0.002728352,0.003058438,0.003407307,0.003774946,0.00416134,0.004566476,0.004990337,0.005432908,0.005894172,0.006374113,0.00687271,0.007389947,0.007925802,0.008480256,0.009053289,0.009644877,0.010255,0.01088363,0.01153075,0.01219634,0.01288036,0.01358279,0.01430361,0.01504278,0.01580029,0.01657609,0.01737017,0.01818249,0.01901302,0.01986173,0.02072859,0.02161357,0.02251662,0.02343773,0.02437684,0.02533393,0.02630897,0.0273019,0.02831271,0.02934134,0.03038776,0.03145194,0.03253382,0.03363337,0.03475054,0.03588531,0.03703761,0.03820742,0.03939467,0.04059934,0.04182137,0.04306072,0.04431734,0.04559118,0.0468822,0.04819034,0.04951557,0.05085782,0.05221704,0.05359319,0.05498621,0.05639606,0.05782266,0.05926599,0.06072597,0.06220255,0.06369568,0.06520531,0.06673136,0.0682738,0.06983254,0.07140756,0.07299876,0.07460611,0.07622954,0.07786898,0.07952438,0.08119567,0.0828828,0.08458568,0.08630427,0.0880385,0.0897883,0.09155359,0.09333433,0.09513044,0.09694185,0.0987685,0.1006103,0.1024672,0.1043392,0.106226,0.1081278,0.1100444,0.1119757,0.1139217,0.1158823,0.1178574,0.1198469,0.1218508,0.123869,0.1259015,0.127948,0.1300087,0.1320833,0.1341718,0.1362741,0.1383902,0.14052,0.1426633,0.1448202,0.1469904,0.149174,0.1513709,0.153581,0.1558041,0.1580403,0.1602894,0.1625513,0.164826,0.1671133,0.1694133,0.1717257,0.1740505,0.1763877,0.178737,0.1810986,0.1834721,0.1858577,0.1882551,0.1906643,0.1930852,0.1955177,0.1979617,0.2004171,0.2028838,0.2053618,0.2078509,0.2103511,0.2128622,0.2153841,0.2179168,0.2204602,0.2230141,0.2255785,0.2281533,0.2307383,0.2333336,0.2359389,0.2385542,0.2411793,0.2438143,0.2464589,0.2491131,0.2517768,0.2544499,0.2571323,0.2598238,0.2625245,0.2652341,0.2679525,0.2706798,0.2734157,0.2761602,0.2789131,0.2816744,0.2844439,0.2872216,0.2900074,0.292801,0.2956025,0.2984118,0.3012286,0.3040529,0.3068847,0.3097238,0.31257,0.3154234,0.3182837,0.3211509,0.3240248,0.3269054,0.3297926,0.3326861,0.335586,0.3384922,0.3414043,0.3443226,0.3472466,0.3501765,0.353112,0.3560531,0.3589997,0.3619515,0.3649086,0.3678707,0.3708379,0.37381,0.3767868,0.3797683,0.3827543,0.3857448,0.3887395,0.3917385,0.3947416,0.3977486,0.4007595,0.4037742,0.4067925,0.4098143,0.4128396,0.4158681,0.4188998,0.4219346,0.4249723,0.4280128,0.4310561,0.434102,0.4371504,0.4402012,0.4432542,0.4463093,0.4493665,0.4524256,0.4554865,0.4585491,0.4616132,0.4646789,0.4677458,0.4708139,0.4738832,0.4769534,0.4800245,0.4830964,0.4861689,0.489242,0.4923154,0.4953891,0.498463,0.501537,0.5046109,0.5076846,0.510758,0.5138311,0.5169036,0.5199755,0.5230466,0.5261168,0.5291861,0.5322542,0.5353212,0.5383868,0.5414509,0.5445135,0.5475744,0.5506335,0.5536907,0.5567458,0.5597988,0.5628496,0.565898,0.5689439,0.5719872,0.5750277,0.5780654,0.5811002,0.5841319,0.5871604,0.5901856,0.5932075,0.5962258,0.5992405,0.6022514,0.6052584,0.6082615,0.6112605,0.6142552,0.6172457,0.6202317,0.6232132,0.62619,0.6291621,0.6321293,0.6350914,0.6380485,0.6410003,0.6439469,0.646888,0.6498235,0.6527534,0.6556774,0.6585956,0.6615078,0.664414,0.6673139,0.6702074,0.6730946,0.6759752,0.6788491,0.6817163,0.6845766,0.68743,0.6902762,0.6931153,0.6959471,0.6987714,0.7015883,0.7043975,0.707199,0.7099926,0.7127784,0.7155561,0.7183256,0.7210869,0.7238398,0.7265843,0.7293202,0.7320474,0.7347659,0.7374755,0.7401761,0.7428677,0.7455501,0.7482231,0.7508869,0.7535411,0.7561857,0.7588207,0.7614458,0.7640611,0.7666664,0.7692617,0.7718467,0.7744215,0.7769859,0.7795398,0.7820832,0.7846159,0.7871379,0.789649,0.7921491,0.7946382,0.7971162,0.7995829,0.8020383,0.8044823,0.8069148,0.8093357,0.8117449,0.8141423,0.8165278,0.8189014,0.821263,0.8236123,0.8259495,0.8282743,0.8305867,0.8328867,0.835174,0.8374487,0.8397107,0.8419597,0.8441958,0.846419,0.8486291,0.850826,0.8530096,0.8551798,0.8573367,0.85948,0.8616098,0.8637259,0.8658282,0.8679168,0.8699914,0.872052,0.8740985,0.8761309,0.8781492,0.8801531,0.8821426,0.8841177,0.8860783,0.8880243,0.8899556,0.8918722,0.893774,0.8956608,0.8975328,0.8993897,0.9012315,0.9030582,0.9048696,0.9066657,0.9084464,0.9102117,0.9119615,0.9136958,0.9154143,0.9171172,0.9188043,0.9204756,0.922131,0.9237705,0.9253939,0.9270012,0.9285924,0.9301674,0.9317262,0.9332687,0.9347947,0.9363043,0.9377974,0.939274,0.940734,0.9421774,0.9436039,0.9450138,0.9464068,0.9477829,0.9491422,0.9504845,0.9518096,0.9531178,0.9544088,0.9556826,0.9569393,0.9581786,0.9594007,0.9606053,0.9617926,0.9629624,0.9641147,0.9652495,0.9663666,0.9674662,0.9685481,0.9696122,0.9706587,0.9716873,0.9726981,0.973691,0.9746661,0.9756231,0.9765623,0.9774834,0.9783865,0.9792714,0.9801382,0.980987,0.9818175,0.9826298,0.9834239,0.9841997,0.9849572,0.9856964,0.9864172,0.9871196,0.9878036,0.9884692,0.9891164,0.989745,0.9903551,0.9909467,0.9915197,0.9920742,0.99261,0.9931273,0.9936259,0.9941058,0.9945671,0.9950097,0.9954335,0.9958386,0.9962251,0.9965927,0.9969416,0.9972717,0.9975829,0.9978754,0.9981491,0.9984039,0.9986399,0.9988571,0.9990554,0.9992348,0.9993954,0.9995371,0.9996598,0.9997638,0.9998488,0.9999149,0.9999622,0.9999905,1, # fadeInRamp
1,0.9999905,0.9999622,0.9999149,0.9998488,0.9997638,0.9996598,0.9995371,0.9993954,0.9992348,0.9990554,0.9988571,0.9986399,0.9984039,0.9981491,0.9978754,0.9975829,0.9972717,0.9969416,0.9965927,0.9962251,0.9958386,0.9954335,0.9950097,0.9945671,0.9941058,0.9936259,0.9931273,0.99261,0.9920742,0.9915197,0.9909467,0.9903551,0.989745,0.9891164,0.9884692,0.9878036,0.9871196,0.9864172,0.9856964,0.9849572,0.9841997,0.9834239,0.9826298,0.9818175,0.980987,0.9801382,0.9792714,0.9783865,0.9774834,0.9765623,0.9756231,0.9746661,0.973691,0.9726981,0.9716873,0.9706587,0.9696122,0.9685481,0.9674662,0.9663666,0.9652495,0.9641147,0.9629624,0.9617926,0.9606053,0.9594007,0.9581786,0.9569393,0.9556826,0.9544088,0.9531178,0.9518096,0.9504845,0.9491422,0.9477829,0.9464068,0.9450138,0.9436039,0.9421774,0.940734,0.939274,0.9377974,0.9363043,0.9347947,0.9332687,0.9317262,0.9301674,0.9285924,0.9270012,0.9253939,0.9237705,0.922131,0.9204756,0.9188043,0.9171172,0.9154143,0.9136958,0.9119615,0.9102117,0.9084464,0.9066657,0.9048696,0.9030582,0.9012315,0.8993897,0.8975328,0.8956608,0.893774,0.8918722,0.8899556,0.8880243,0.8860783,0.8841177,0.8821426,0.8801531,0.8781492,0.8761309,0.8740985,0.872052,0.8699914,0.8679168,0.8658282,0.8637259,0.8616098,0.85948,0.8573367,0.8551798,0.8530096,0.850826,0.8486291,0.846419,0.8441958,0.8419597,0.8397107,0.8374487,0.835174,0.8328867,0.8305867,0.8282743,0.8259495,0.8236123,0.821263,0.8189014,0.8165278,0.8141423,0.8117449,0.8093357,0.8069148,0.8044823,0.8020383,0.7995829,0.7971162,0.7946382,0.7921491,0.789649,0.7871379,0.7846159,0.7820832,0.7795398,0.7769859,0.7744215,0.7718467,0.7692617,0.7666664,0.7640611,0.7614458,0.7588207,0.7561857,0.7535411,0.7508869,0.7482231,0.7455501,0.7428677,0.7401761,0.7374755,0.7347659,0.7320474,0.7293202,0.7265843,0.7238398,0.7210869,0.7183256,0.7155561,0.7127784,0.7099926,0.707199,0.7043975,0.7015883,0.6987714,0.6959471,0.6931153,0.6902762,0.68743,0.6845766,0.6817163,0.6788491,0.6759752,0.6730946,0.6702074,0.6673139,0.664414,0.6615078,0.6585956,0.6556774,0.6527534,0.6498235,0.646888,0.6439469,0.6410003,0.6380485,0.6350914,0.6321293,0.6291621,0.62619,0.6232132,0.6202317,0.6172457,0.6142552,0.6112605,0.6082615,0.6052584,0.6022514,0.5992405,0.5962258,0.5932075,0.5901856,0.5871604,0.5841319,0.5811002,0.5780654,0.5750277,0.5719872,0.5689439,0.565898,0.5628496,0.5597988,0.5567458,0.5536907,0.5506335,0.5475744,0.5445135,0.5414509,0.5383868,0.5353212,0.5322542,0.5291861,0.5261168,0.5230466,0.5199755,0.5169036,0.5138311,0.510758,0.5076846,0.5046109,0.501537,0.498463,0.4953891,0.4923154,0.489242,0.4861689,0.4830964,0.4800245,0.4769534,0.4738832,0.4708139,0.4677458,0.4646789,0.4616132,0.4585491,0.4554865,0.4524256,0.4493665,0.4463093,0.4432542,0.4402012,0.4371504,0.434102,0.4310561,0.4280128,0.4249723,0.4219346,0.4188998,0.4158681,0.4128396,0.4098143,0.4067925,0.4037742,0.4007595,0.3977486,0.3947416,0.3917385,0.3887395,0.3857448,0.3827543,0.3797683,0.3767868,0.37381,0.3708379,0.3678707,0.3649086,0.3619515,0.3589997,0.3560531,0.353112,0.3501765,0.3472466,0.3443226,0.3414043,0.3384922,0.335586,0.3326861,0.3297926,0.3269054,0.3240248,0.3211509,0.3182837,0.3154234,0.31257,0.3097238,0.3068847,0.3040529,0.3012286,0.2984118,0.2956025,0.292801,0.2900074,0.2872216,0.2844439,0.2816744,0.2789131,0.2761602,0.2734157,0.2706798,0.2679525,0.2652341,0.2625245,0.2598238,0.2571323,0.2544499,0.2517768,0.2491131,0.2464589,0.2438143,0.2411793,0.2385542,0.2359389,0.2333336,0.2307383,0.2281533,0.2255785,0.2230141,0.2204602,0.2179168,0.2153841,0.2128622,0.2103511,0.2078509,0.2053618,0.2028838,0.2004171,0.1979617,0.1955177,0.1930852,0.1906643,0.1882551,0.1858577,0.1834721,0.1810986,0.178737,0.1763877,0.1740505,0.1717257,0.1694133,0.1671133,0.164826,0.1625513,0.1602894,0.1580403,0.1558041,0.153581,0.1513709,0.149174,0.1469904,0.1448202,0.1426633,0.14052,0.1383902,0.1362741,0.1341718,0.1320833,0.1300087,0.127948,0.1259015,0.123869,0.1218508,0.1198469,0.1178574,0.1158823,0.1139217,0.1119757,0.1100444,0.1081278,0.106226,0.1043392,0.1024672,0.1006103,0.0987685,0.09694185,0.09513044,0.09333433,0.09155359,0.0897883,0.0880385,0.08630427,0.08458568,0.0828828,0.08119567,0.07952438,0.07786898,0.07622954,0.07460611,0.07299876,0.07140756,0.06983254,0.0682738,0.06673136,0.06520531,0.06369568,0.06220255,0.06072597,0.05926599,0.05782266,0.05639606,0.05498621,0.05359319,0.05221704,0.05085782,0.04951557,0.04819034,0.0468822,0.04559118,0.04431734,0.04306072,0.04182137,0.04059934,0.03939467,0.03820742,0.03703761,0.03588531,0.03475054,0.03363337,0.03253382,0.03145194,0.03038776,0.02934134,0.02831271,0.0273019,0.02630897,0.02533393,0.02437684,0.02343773,0.02251662,0.02161357,0.02072859,0.01986173,0.01901302,0.01818249,0.01737017,0.01657609,0.01580029,0.01504278,0.01430361,0.01358279,0.01288036,0.01219634,0.01153075,0.01088363,0.010255,0.009644877,0.009053289,0.008480256,0.007925802,0.007389947,0.00687271,0.006374113,0.005894172,0.005432908,0.004990337,0.004566476,0.00416134,0.003774946,0.003407307,0.003058438,0.002728352,0.002417061,0.002124578,0.001850913,0.001596076,0.001360077,0.001142925,0.0009446287,0.0007651951,0.000604631,0.0004629424,0.0003401349,0.000236213,0.0001511806,8.504096e-05,3.779658e-05,9.449233e-06,0, # fadeOutRamp
1.000645,1.000645,1.000645,1.000645,1.000645,1.000645,1.000645,1.000645,1.000645,1.000645,1.000645,1.000645,1.000645,1.000645,1.000645,1.000645,1.000645,1.000645,1.000645,1.000645,1.000645,1.000645,1.000645,1.000645,1.000645,1.000645,1.000645,1.000645,1.000645,1.000645,1.000645,1.000645,1.000645,1.000645,1.000645,1.000645,1.000645,1.000645,1.000645,1.000645,1.000645,1.000645,1.000645,1.000645,1.000645,1.000645,1.000645,1.000645,1.000645,1.000645,1.000645,1.000645,1.000645,1.000645,1.000645,1.000645,1.000645,1.000645,1.000645,1.000645,1.000645,1.000645,1.000645,1.000645,-1.994912,-1.994912,-1.994912,-1.994912,-1.994912,-1.994912,-1.994912,-1.994912,-1.994912,-1.994912,-1.994912,-1.994912,-1.994912,-1.994912,-1.994912,-1.994912,-1.994912,-1.994912,-1.994912,-1.994912,-1.994912,-1.994912,-1.994912,-1.994912,-1.994912,-1.994912,-1.994912,-1.994912,-1.994912,-1.994912,-1.994912,-1.994912,-1.994912,-1.994912,-1.994912,-1.994912,-1.994912,-1.994912,-1.994912,-1.994912,-1.994912,-1.994912,-1.994912,-1.994912,-1.994912,-1.994912,-1.994912,-1.994912,-1.994912,-1.994912,-1.994912,-1.994912,-1.994912,-1.994912,-1.994912,-1.994912,-1.994912,-1.994912,-1.994912,-1.994912,-1.994912,-1.994912,-1.994912,-1.994912,0.994377,0.994377,0.994377,0.994377,0.994377,0.994377,0.994377,0.994377,0.994377,0.994377,0.994377,0.994377,0.994377,0.994377,0.994377,0.994377,0.994377,0.994377,0.994377,0.994377,0.994377,0.994377,0.994377,0.994377,0.994377,0.994377,0.994377,0.994377,0.994377,0.994377,0.994377,0.994377,0.994377,0.994377,0.994377,0.994377,0.994377,0.994377,0.994377,0.994377,0.994377,0.994377,0.994377,0.994377,0.994377,0.994377,0.994377,0.994377,0.994377,0.994377,0.994377,0.994377,0.994377,0.994377,0.994377,0.994377,0.994377,0.994377,0.994377,0.994377,0.994377,0.994377,0.994377,0.994377,1,1,1,1,1,1,1,1,1,1,1,1,1,1,1,1,1,1,1,1,1,1,1,1,1,1,1,1,1,1,1,1,1,1,1,1,1,1,1,1,1,1,1,1,1,1,1,1,1,1,1,1,1,1,1,1,1,1,1,1,1,1,1,1,-1.994912,-1.994912,-1.994912,-1.994912,-1.994912,-1.994912,-1.994912,-1.994912,-1.994912,-1.994912,-1.994912,-1.994912,-1.994912,-1.994912,-1.994912,-1.994912,-1.994912,-1.994912,-1.994912,-1.994912,-1.994912,-1.994912,-1.994912,-1.994912,-1.994912,-1.994912,-1.994912,-1.994912,-1.994912,-1.994912,-1.994912,-1.994912,-1.994912,-1.994912,-1.994912,-1.994912,-1.994912,-1.994912,-1.994912,-1.994912,-1.994912,-1.994912,-1.994912,-1.994912,-1.994912,-1.994912,-1.994912,-1.994912,-1.994912,-1.994912,-1.994912,-1.994912,-1.994912,-1.994912,-1.994912,-1.994912,-1.994912,-1.994912,-1.994912,-1.994912,-1.994912,-1.994912,-1.994912,-1.994912,0.9950215,0.9950215,0.9950215,0.9950215,0.9950215,0.9950215,0.9950215,0.9950215,0.9950215,0.9950215,0.9950215,0.9950215,0.9950215,0.9950215,0.9950215,0.9950215,0.9950215,0.9950215,0.9950215,0.9950215,0.9950215,0.9950215,0.9950215,0.9950215,0.9950215,0.9950215,0.9950215,0.9950215,0.9950215,0.9950215,0.9950215,0.9950215,0.9950215,0.9950215,0.9950215,0.9950215,0.9950215,0.9950215,0.9950215,0.9950215,0.9950215,0.9950215,0.9950215,0.9950215,0.9950215,0.9950215,0.9950215,0.9950215,0.9950215,0.9950215,0.9950215,0.9950215,0.9950215,0.9950215,0.9950215,0.9950215,0.9950215,0.9950215,0.9950215,0.9950215,0.9950215,0.9950215,0.9950215,0.9950215, # SOSMatrixRef_1
0.9899577,0.9899577,0.9899577,0.9899577,0.9899577,0.9899577,0.9899577,0.9899577,0.9899577,0.9899577,0.9899577,0.9899577,0.9899577,0.9899577,0.9899577,0.9899577,0.9899577,0.9899577,0.9899577,0.9899577,0.9899577,0.9899577,0.9899577,0.9899577,0.9899577,0.9899577,0.9899577,0.9899577,0.9899577,0.9899577,0.9899577,0.9899577,0.9899577,0.9899577,0.9899577,0.9899577,0.9899577,0.9899577,0.9899577,0.9899577,0.9899577,0.9899577,0.9899577,0.9899577,0.9899577,0.9899577,0.9899577,0.9899577,0.9899577,0.9899577,0.9899577,0.9899577,0.9899577,0.9899577,0.9899577,0.9899577,0.9899577,0.9899577,0.9899577,0.9899577,0.9899577,0.9899577,0.9899577,0.9899577,-1.894366,-1.894366,-1.894366,-1.894366,-1.894366,-1.894366,-1.894366,-1.894366,-1.894366,-1.894366,-1.894366,-1.894366,-1.894366,-1.894366,-1.894366,-1.894366,-1.894366,-1.894366,-1.894366,-1.894366,-1.894366,-1.894366,-1.894366,-1.894366,-1.894366,-1.894366,-1.894366,-1.894366,-1.894366,-1.894366,-1.894366,-1.894366,-1.894366,-1.894366,-1.894366,-1.894366,-1.894366,-1.894366,-1.894366,-1.894366,-1.894366,-1.894366,-1.894366,-1.894366,-1.894366,-1.894366,-1.894366,-1.894366,-1.894366,-1.894366,-1.894366,-1.894366,-1.894366,-1.894366,-1.894366,-1.894366,-1.894366,-1.894366,-1.894366,-1.894366,-1.894366,-1.894366,-1.894366,-1.894366,0.9123887,0.9123887,0.9123887,0.9123887,0.9123887,0.9123887,0.9123887,0.9123887,0.9123887,0.9123887,0.9123887,0.9123887,0.9123887,0.9123887,0.9123887,0.9123887,0.9123887,0.9123887,0.9123887,0.9123887,0.9123887,0.9123887,0.9123887,0.9123887,0.9123887,0.9123887,0.9123887,0.9123887,0.9123887,0.9123887,0.9123887,0.9123887,0.9123887,0.9123887,0.9123887,0.9123887,0.9123887,0.9123887,0.9123887,0.9123887,0.9123887,0.9123887,0.9123887,0.9123887,0.9123887,0.9123887,0.9123887,0.9123887,0.9123887,0.9123887,0.9123887,0.9123887,0.9123887,0.9123887,0.9123887,0.9123887,0.9123887,0.9123887,0.9123887,0.9123887,0.9123887,0.9123887,0.9123887,0.9123887,1,1,1,1,1,1,1,1,1,1,1,1,1,1,1,1,1,1,1,1,1,1,1,1,1,1,1,1,1,1,1,1,1,1,1,1,1,1,1,1,1,1,1,1,1,1,1,1,1,1,1,1,1,1,1,1,1,1,1,1,1,1,1,1,-1.894366,-1.894366,-1.894366,-1.894366,-1.894366,-1.894366,-1.894366,-1.894366,-1.894366,-1.894366,-1.894366,-1.894366,-1.894366,-1.894366,-1.894366,-1.894366,-1.894366,-1.894366,-1.894366,-1.894366,-1.894366,-1.894366,-1.894366,-1.894366,-1.894366,-1.894366,-1.894366,-1.894366,-1.894366,-1.894366,-1.894366,-1.894366,-1.894366,-1.894366,-1.894366,-1.894366,-1.894366,-1.894366,-1.894366,-1.894366,-1.894366,-1.894366,-1.894366,-1.894366,-1.894366,-1.894366,-1.894366,-1.894366,-1.894366,-1.894366,-1.894366,-1.894366,-1.894366,-1.894366,-1.894366,-1.894366,-1.894366,-1.894366,-1.894366,-1.894366,-1.894366,-1.894366,-1.894366,-1.894366,0.9023464,0.9023464,0.9023464,0.9023464,0.9023464,0.9023464,0.9023464,0.9023464,0.9023464,0.9023464,0.9023464,0.9023464,0.9023464,0.9023464,0.9023464,0.9023464,0.9023464,0.9023464,0.9023464,0.9023464,0.9023464,0.9023464,0.9023464,0.9023464,0.9023464,0.9023464,0.9023464,0.9023464,0.9023464,0.9023464,0.9023464,0.9023464,0.9023464,0.9023464,0.9023464,0.9023464,0.9023464,0.9023464,0.9023464,0.9023464,0.9023464,0.9023464,0.9023464,0.9023464,0.9023464,0.9023464,0.9023464,0.9023464,0.9023464,0.9023464,0.9023464,0.9023464,0.9023464,0.9023464,0.9023464,0.9023464,0.9023464,0.9023464,0.9023464,0.9023464,0.9023464,0.9023464,0.9023464,0.9023464, # SOSMatrixRef_2
1.004408,1.004408,1.004408,1.004408,1.004408,1.004408,1.004408,1.004408,1.004408,1.004408,1.004408,1.004408,1.004408,1.004408,1.004408,1.004408,1.004408,1.004408,1.004408,1.004408,1.004408,1.004408,1.004408,1.004408,1.004408,1.004408,1.004408,1.004408,1.004408,1.004408,1.004408,1.004408,1.004408,1.004408,1.004408,1.004408,1.004408,1.004408,1.004408,1.004408,1.004408,1.004408,1.004408,1.004408,1.004408,1.004408,1.004408,1.004408,1.004408,1.004408,1.004408,1.004408,1.004408,1.004408,1.004408,1.004408,1.004408,1.004408,1.004408,1.004408,1.004408,1.004408,1.004408,1.004408,-1.936518,-1.936518,-1.936518,-1.936518,-1.936518,-1.936518,-1.936518,-1.936518,-1.936518,-1.936518,-1.936518,-1.936518,-1.936518,-1.936518,-1.936518,-1.936518,-1.936518,-1.936518,-1.936518,-1.936518,-1.936518,-1.936518,-1.936518,-1.936518,-1.936518,-1.936518,-1.936518,-1.936518,-1.936518,-1.936518,-1.936518,-1.936518,-1.936518,-1.936518,-1.936518,-1.936518,-1.936518,-1.936518,-1.936518,-1.936518,-1.936518,-1.936518,-1.936518,-1.936518,-1.936518,-1.936518,-1.936518,-1.936518,-1.936518,-1.936518,-1.936518,-1.936518,-1.936518,-1.936518,-1.936518,-1.936518,-1.936518,-1.936518,-1.936518,-1.936518,-1.936518,-1.936518,-1.936518,-1.936518,0.9488203,0.9488203,0.9488203,0.9488203,0.9488203,0.9488203,0.9488203,0.9488203,0.9488203,0.9488203,0.9488203,0.9488203,0.9488203,0.9488203,0.9488203,0.9488203,0.9488203,0.9488203,0.9488203,0.9488203,0.9488203,0.9488203,0.9488203,0.9488203,0.9488203,0.9488203,0.9488203,0.9488203,0.9488203,0.9488203,0.9488203,0.9488203,0.9488203,0.9488203,0.9488203,0.9488203,0.9488203,0.9488203,0.9488203,0.9488203,0.9488203,0.9488203,0.9488203,0.9488203,0.9488203,0.9488203,0.9488203,0.9488203,0.9488203,0.9488203,0.9488203,0.9488203,0.9488203,0.9488203,0.9488203,0.9488203,0.9488203,0.9488203,0.9488203,0.9488203,0.9488203,0.9488203,0.9488203,0.9488203,1,1,1,1,1,1,1,1,1,1,1,1,1,1,1,1,1,1,1,1,1,1,1,1,1,1,1,1,1,1,1,1,1,1,1,1,1,1,1,1,1,1,1,1,1,1,1,1,1,1,1,1,1,1,1,1,1,1,1,1,1,1,1,1,-1.936518,-1.936518,-1.936518,-1.936518,-1.936518,-1.936518,-1.936518,-1.936518,-1.936518,-1.936518,-1.936518,-1.936518,-1.936518,-1.936518,-1.936518,-1.936518,-1.936518,-1.936518,-1.936518,-1.936518,-1.936518,-1.936518,-1.936518,-1.936518,-1.936518,-1.936518,-1.936518,-1.936518,-1.936518,-1.936518,-1.936518,-1.936518,-1.936518,-1.936518,-1.936518,-1.936518,-1.936518,-1.936518,-1.936518,-1.936518,-1.936518,-1.936518,-1.936518,-1.936518,-1.936518,-1.936518,-1.936518,-1.936518,-1.936518,-1.936518,-1.936518,-1.936518,-1.936518,-1.936518,-1.936518,-1.936518,-1.936518,-1.936518,-1.936518,-1.936518,-1.936518,-1.936518,-1.936518,-1.936518,0.9532285,0.9532285,0.9532285,0.9532285,0.9532285,0.9532285,0.9532285,0.9532285,0.9532285,0.9532285,0.9532285,0.9532285,0.9532285,0.9532285,0.9532285,0.9532285,0.9532285,0.9532285,0.9532285,0.9532285,0.9532285,0.9532285,0.9532285,0.9532285,0.9532285,0.9532285,0.9532285,0.9532285,0.9532285,0.9532285,0.9532285,0.9532285,0.9532285,0.9532285,0.9532285,0.9532285,0.9532285,0.9532285,0.9532285,0.9532285,0.9532285,0.9532285,0.9532285,0.9532285,0.9532285,0.9532285,0.9532285,0.9532285,0.9532285,0.9532285,0.9532285,0.9532285,0.9532285,0.9532285,0.9532285,0.9532285,0.9532285,0.9532285,0.9532285,0.9532285,0.9532285,0.9532285,0.9532285,0.9532285, # SOSMatrixRef_3
1.010877,1.010877,1.010877,1.010877,1.010877,1.010877,1.010877,1.010877,1.010877,1.010877,1.010877,1.010877,1.010877,1.010877,1.010877,1.010877,1.010877,1.010877,1.010877,1.010877,1.010877,1.010877,1.010877,1.010877,1.010877,1.010877,1.010877,1.010877,1.010877,1.010877,1.010877,1.010877,1.010877,1.010877,1.010877,1.010877,1.010877,1.010877,1.010877,1.010877,1.010877,1.010877,1.010877,1.010877,1.010877,1.010877,1.010877,1.010877,1.010877,1.010877,1.010877,1.010877,1.010877,1.010877,1.010877,1.010877,1.010877,1.010877,1.010877,1.010877,1.010877,1.010877,1.010877,1.010877,-1.776493,-1.776493,-1.776493,-1.776493,-1.776493,-1.776493,-1.776493,-1.776493,-1.776493,-1.776493,-1.776493,-1.776493,-1.776493,-1.776493,-1.776493,-1.776493,-1.776493,-1.776493,-1.776493,-1.776493,-1.776493,-1.776493,-1.776493,-1.776493,-1.776493,-1.776493,-1.776493,-1.776493,-1.776493,-1.776493,-1.776493,-1.776493,-1.776493,-1.776493,-1.776493,-1.776493,-1.776493,-1.776493,-1.776493,-1.776493,-1.776493,-1.776493,-1.776493,-1.776493,-1.776493,-1.776493,-1.776493,-1.776493,-1.776493,-1.776493,-1.776493,-1.776493,-1.776493,-1.776493,-1.776493,-1.776493,-1.776493,-1.776493,-1.776493,-1.776493,-1.776493,-1.776493,-1.776493,-1.776493,0.8737128,0.8737128,0.8737128,0.8737128,0.8737128,0.8737128,0.8737128,0.8737128,0.8737128,0.8737128,0.8737128,0.8737128,0.8737128,0.8737128,0.8737128,0.8737128,0.8737128,0.8737128,0.8737128,0.8737128,0.8737128,0.8737128,0.8737128,0.8737128,0.8737128,0.8737128,0.8737128,0.8737128,0.8737128,0.8737128,0.8737128,0.8737128,0.8737128,0.8737128,0.8737128,0.8737128,0.8737128,0.8737128,0.8737128,0.8737128,0.8737128,0.8737128,0.8737128,0.8737128,0.8737128,0.8737128,0.8737128,0.8737128,0.8737128,0.8737128,0.8737128,0.8737128,0.8737128,0.8737128,0.8737128,0.8737128,0.8737128,0.8737128,0.8737128,0.8737128,0.8737128,0.8737128,0.8737128,0.8737128,1,1,1,1,1,1,1,1,1,1,1,1,1,1,1,1,1,1,1,1,1,1,1,1,1,1,1,1,1,1,1,1,1,1,1,1,1,1,1,1,1,1,1,1,1,1,1,1,1,1,1,1,1,1,1,1,1,1,1,1,1,1,1,1,-1.776493,-1.776493,-1.776493,-1.776493,-1.776493,-1.776493,-1.776493,-1.776493,-1.776493,-1.776493,-1.776493,-1.776493,-1.776493,-1.776493,-1.776493,-1.776493,-1.776493,-1.776493,-1.776493,-1.776493,-1.776493,-1.776493,-1.776493,-1.776493,-1.776493,-1.776493,-1.776493,-1.776493,-1.776493,-1.776493,-1.776493,-1.776493,-1.776493,-1.776493,-1.776493,-1.776493,-1.776493,-1.776493,-1.776493,-1.776493,-1.776493,-1.776493,-1.776493,-1.776493,-1.776493,-1.776493,-1.776493,-1.776493,-1.776493,-1.776493,-1.776493,-1.776493,-1.776493,-1.776493,-1.776493,-1.776493,-1.776493,-1.776493,-1.776493,-1.776493,-1.776493,-1.776493,-1.776493,-1.776493,0.8845903,0.8845903,0.8845903,0.8845903,0.8845903,0.8845903,0.8845903,0.8845903,0.8845903,0.8845903,0.8845903,0.8845903,0.8845903,0.8845903,0.8845903,0.8845903,0.8845903,0.8845903,0.8845903,0.8845903,0.8845903,0.8845903,0.8845903,0.8845903,0.8845903,0.8845903,0.8845903,0.8845903,0.8845903,0.8845903,0.8845903,0.8845903,0.8845903,0.8845903,0.8845903,0.8845903,0.8845903,0.8845903,0.8845903,0.8845903,0.8845903,0.8845903,0.8845903,0.8845903,0.8845903,0.8845903,0.8845903,0.8845903,0.8845903,0.8845903,0.8845903,0.8845903,0.8845903,0.8845903,0.8845903,0.8845903,0.8845903,0.8845903,0.8845903,0.8845903,0.8845903,0.8845903,0.8845903,0.8845903, # SOSMatrixRef_4
0.9727293,0.9727293,0.9727293,0.9727293,0.9727293,0.9727293,0.9727293,0.9727293,0.9727293,0.9727293,0.9727293,0.9727293,0.9727293,0.9727293,0.9727293,0.9727293,0.9727293,0.9727293,0.9727293,0.9727293,0.9727293,0.9727293,0.9727293,0.9727293,0.9727293,0.9727293,0.9727293,0.9727293,0.9727293,0.9727293,0.9727293,0.9727293,0.9727293,0.9727293,0.9727293,0.9727293,0.9727293,0.9727293,0.9727293,0.9727293,0.9727293,0.9727293,0.9727293,0.9727293,0.9727293,0.9727293,0.9727293,0.9727293,0.9727293,0.9727293,0.9727293,0.9727293,0.9727293,0.9727293,0.9727293,0.9727293,0.9727293,0.9727293,0.9727293,0.9727293,0.9727293,0.9727293,0.9727293,0.9727293,-1.514624,-1.514624,-1.514624,-1.514624,-1.514624,-1.514624,-1.514624,-1.514624,-1.514624,-1.514624,-1.514624,-1.514624,-1.514624,-1.514624,-1.514624,-1.514624,-1.514624,-1.514624,-1.514624,-1.514624,-1.514624,-1.514624,-1.514624,-1.514624,-1.514624,-1.514624,-1.514624,-1.514624,-1.514624,-1.514624,-1.514624,-1.514624,-1.514624,-1.514624,-1.514624,-1.514624,-1.514624,-1.514624,-1.514624,-1.514624,-1.514624,-1.514624,-1.514624,-1.514624,-1.514624,-1.514624,-1.514624,-1.514624,-1.514624,-1.514624,-1.514624,-1.514624,-1.514624,-1.514624,-1.514624,-1.514624,-1.514624,-1.514624,-1.514624,-1.514624,-1.514624,-1.514624,-1.514624,-1.514624,0.7733116,0.7733116,0.7733116,0.7733116,0.7733116,0.7733116,0.7733116,0.7733116,0.7733116,0.7733116,0.7733116,0.7733116,0.7733116,0.7733116,0.7733116,0.7733116,0.7733116,0.7733116,0.7733116,0.7733116,0.7733116,0.7733116,0.7733116,0.7733116,0.7733116,0.7733116,0.7733116,0.7733116,0.7733116,0.7733116,0.7733116,0.7733116,0.7733116,0.7733116,0.7733116,0.7733116,0.7733116,0.7733116,0.7733116,0.7733116,0.7733116,0.7733116,0.7733116,0.7733116,0.7733116,0.7733116,0.7733116,0.7733116,0.7733116,0.7733116,0.7733116,0.7733116,0.7733116,0.7733116,0.7733116,0.7733116,0.7733116,0.7733116,0.7733116,0.7733116,0.7733116,0.7733116,0.7733116,0.7733116,1,1,1,1,1,1,1,1,1,1,1,1,1,1,1,1,1,1,1,1,1,1,1,1,1,1,1,1,1,1,1,1,1,1,1,1,1,1,1,1,1,1,1,1,1,1,1,1,1,1,1,1,1,1,1,1,1,1,1,1,1,1,1,1,-1.514624,-1.514624,-1.514624,-1.514624,-1.514624,-1.514624,-1.514624,-1.514624,-1.514624,-1.514624,-1.514624,-1.514624,-1.514624,-1.514624,-1.514624,-1.514624,-1.514624,-1.514624,-1.514624,-1.514624,-1.514624,-1.514624,-1.514624,-1.514624,-1.514624,-1.514624,-1.514624,-1.514624,-1.514624,-1.514624,-1.514624,-1.514624,-1.514624,-1.514624,-1.514624,-1.514624,-1.514624,-1.514624,-1.514624,-1.514624,-1.514624,-1.514624,-1.514624,-1.514624,-1.514624,-1.514624,-1.514624,-1.514624,-1.514624,-1.514624,-1.514624,-1.514624,-1.514624,-1.514624,-1.514624,-1.514624,-1.514624,-1.514624,-1.514624,-1.514624,-1.514624,-1.514624,-1.514624,-1.514624,0.7460409,0.7460409,0.7460409,0.7460409,0.7460409,0.7460409,0.7460409,0.7460409,0.7460409,0.7460409,0.7460409,0.7460409,0.7460409,0.7460409,0.7460409,0.7460409,0.7460409,0.7460409,0.7460409,0.7460409,0.7460409,0.7460409,0.7460409,0.7460409,0.7460409,0.7460409,0.7460409,0.7460409,0.7460409,0.7460409,0.7460409,0.7460409,0.7460409,0.7460409,0.7460409,0.7460409,0.7460409,0.7460409,0.7460409,0.7460409,0.7460409,0.7460409,0.7460409,0.7460409,0.7460409,0.7460409,0.7460409,0.7460409,0.7460409,0.7460409,0.7460409,0.7460409,0.7460409,0.7460409,0.7460409,0.7460409,0.7460409,0.7460409,0.7460409,0.7460409,0.7460409,0.7460409,0.7460409,0.7460409, # SOSMatrixRef_5
1.001741,1.001741,1.001741,1.001741,1.001741,1.001741,1.001741,1.001741,1.001741,1.001741,1.001741,1.001741,1.001741,1.001741,1.001741,1.001741,1.001741,1.001741,1.001741,1.001741,1.001741,1.001741,1.001741,1.001741,1.001741,1.001741,1.001741,1.001741,1.001741,1.001741,1.001741,1.001741,1.001741,1.001741,1.001741,1.001741,1.001741,1.001741,1.001741,1.001741,1.001741,1.001741,1.001741,1.001741,1.001741,1.001741,1.001741,1.001741,1.001741,1.001741,1.001741,1.001741,1.001741,1.001741,1.001741,1.001741,1.001741,1.001741,1.001741,1.001741,1.001741,1.001741,1.001741,1.001741,-1.522287,-1.522287,-1.522287,-1.522287,-1.522287,-1.522287,-1.522287,-1.522287,-1.522287,-1.522287,-1.522287,-1.522287,-1.522287,-1.522287,-1.522287,-1.522287,-1.522287,-1.522287,-1.522287,-1.522287,-1.522287,-1.522287,-1.522287,-1.522287,-1.522287,-1.522287,-1.522287,-1.522287,-1.522287,-1.522287,-1.522287,-1.522287,-1.522287,-1.522287,-1.522287,-1.522287,-1.522287,-1.522287,-1.522287,-1.522287,-1.522287,-1.522287,-1.522287,-1.522287,-1.522287,-1.522287,-1.522287,-1.522287,-1.522287,-1.522287,-1.522287,-1.522287,-1.522287,-1.522287,-1.522287,-1.522287,-1.522287,-1.522287,-1.522287,-1.522287,-1.522287,-1.522287,-1.522287,-1.522287,0.9395028,0.9395028,0.9395028,0.9395028,0.9395028,0.9395028,0.9395028,0.9395028,0.9395028,0.9395028,0.9395028,0.9395028,0.9395028,0.9395028,0.9395028,0.9395028,0.9395028,0.9395028,0.9395028,0.9395028,0.9395028,0.9395028,0.9395028,0.9395028,0.9395028,0.9395028,0.9395028,0.9395028,0.9395028,0.9395028,0.9395028,0.9395028,0.9395028,0.9395028,0.9395028,0.9395028,0.9395028,0.9395028,0.9395028,0.9395028,0.9395028,0.9395028,0.9395028,0.9395028,0.9395028,0.9395028,0.9395028,0.9395028,0.9395028,0.9395028,0.9395028,0.9395028,0.9395028,0.9395028,0.9395028,0.9395028,0.9395028,0.9395028,0.9395028,0.9395028,0.9395028,0.9395028,0.9395028,0.9395028,1,1,1,1,1,1,1,1,1,1,1,1,1,1,1,1,1,1,1,1,1,1,1,1,1,1,1,1,1,1,1,1,1,1,1,1,1,1,1,1,1,1,1,1,1,1,1,1,1,1,1,1,1,1,1,1,1,1,1,1,1,1,1,1,-1.522287,-1.522287,-1.522287,-1.522287,-1.522287,-1.522287,-1.522287,-1.522287,-1.522287,-1.522287,-1.522287,-1.522287,-1.522287,-1.522287,-1.522287,-1.522287,-1.522287,-1.522287,-1.522287,-1.522287,-1.522287,-1.522287,-1.522287,-1.522287,-1.522287,-1.522287,-1.522287,-1.522287,-1.522287,-1.522287,-1.522287,-1.522287,-1.522287,-1.522287,-1.522287,-1.522287,-1.522287,-1.522287,-1.522287,-1.522287,-1.522287,-1.522287,-1.522287,-1.522287,-1.522287,-1.522287,-1.522287,-1.522287,-1.522287,-1.522287,-1.522287,-1.522287,-1.522287,-1.522287,-1.522287,-1.522287,-1.522287,-1.522287,-1.522287,-1.522287,-1.522287,-1.522287,-1.522287,-1.522287,0.9412436,0.9412436,0.9412436,0.9412436,0.9412436,0.9412436,0.9412436,0.9412436,0.9412436,0.9412436,0.9412436,0.9412436,0.9412436,0.9412436,0.9412436,0.9412436,0.9412436,0.9412436,0.9412436,0.9412436,0.9412436,0.9412436,0.9412436,0.9412436,0.9412436,0.9412436,0.9412436,0.9412436,0.9412436,0.9412436,0.9412436,0.9412436,0.9412436,0.9412436,0.9412436,0.9412436,0.9412436,0.9412436,0.9412436,0.9412436,0.9412436,0.9412436,0.9412436,0.9412436,0.9412436,0.9412436,0.9412436,0.9412436,0.9412436,0.9412436,0.9412436,0.9412436,0.9412436,0.9412436,0.9412436,0.9412436,0.9412436,0.9412436,0.9412436,0.9412436,0.9412436,0.9412436,0.9412436,0.9412436, # SOSMatrixRef_6
0.82846,0.82846,0.82846,0.82846,0.82846,0.82846,0.82846,0.82846,0.82846,0.82846,0.82846,0.82846,0.82846,0.82846,0.82846,0.82846,0.82846,0.82846,0.82846,0.82846,0.82846,0.82846,0.82846,0.82846,0.82846,0.82846,0.82846,0.82846,0.82846,0.82846,0.82846,0.82846,0.82846,0.82846,0.82846,0.82846,0.82846,0.82846,0.82846,0.82846,0.82846,0.82846,0.82846,0.82846,0.82846,0.82846,0.82846,0.82846,0.82846,0.82846,0.82846,0.82846,0.82846,0.82846,0.82846,0.82846,0.82846,0.82846,0.82846,0.82846,0.82846,0.82846,0.82846,0.82846,-1.205293,-1.205293,-1.205293,-1.205293,-1.205293,-1.205293,-1.205293,-1.205293,-1.205293,-1.205293,-1.205293,-1.205293,-1.205293,-1.205293,-1.205293,-1.205293,-1.205293,-1.205293,-1.205293,-1.205293,-1.205293,-1.205293,-1.205293,-1.205293,-1.205293,-1.205293,-1.205293,-1.205293,-1.205293,-1.205293,-1.205293,-1.205293,-1.205293,-1.205293,-1.205293,-1.205293,-1.205293,-1.205293,-1.205293,-1.205293,-1.205293,-1.205293,-1.205293,-1.205293,-1.205293,-1.205293,-1.205293,-1.205293,-1.205293,-1.205293,-1.205293,-1.205293,-1.205293,-1.205293,-1.205293,-1.205293,-1.205293,-1.205293,-1.205293,-1.205293,-1.205293,-1.205293,-1.205293,-1.205293,0.7151264,0.7151264,0.7151264,0.7151264,0.7151264,0.7151264,0.7151264,0.7151264,0.7151264,0.7151264,0.7151264,0.7151264,0.7151264,0.7151264,0.7151264,0.7151264,0.7151264,0.7151264,0.7151264,0.7151264,0.7151264,0.7151264,0.7151264,0.7151264,0.7151264,0.7151264,0.7151264,0.7151264,0.7151264,0.7151264,0.7151264,0.7151264,0.7151264,0.7151264,0.7151264,0.7151264,0.7151264,0.7151264,0.7151264,0.7151264,0.7151264,0.7151264,0.7151264,0.7151264,0.7151264,0.7151264,0.7151264,0.7151264,0.7151264,0.7151264,0.7151264,0.7151264,0.7151264,0.7151264,0.7151264,0.7151264,0.7151264,0.7151264,0.7151264,0.7151264,0.7151264,0.7151264,0.7151264,0.7151264,1,1,1,1,1,1,1,1,1,1,1,1,1,1,1,1,1,1,1,1,1,1,1,1,1,1,1,1,1,1,1,1,1,1,1,1,1,1,1,1,1,1,1,1,1,1,1,1,1,1,1,1,1,1,1,1,1,1,1,1,1,1,1,1,-1.205293,-1.205293,-1.205293,-1.205293,-1.205293,-1.205293,-1.205293,-1.205293,-1.205293,-1.205293,-1.205293,-1.205293,-1.205293,-1.205293,-1.205293,-1.205293,-1.205293,-1.205293,-1.205293,-1.205293,-1.205293,-1.205293,-1.205293,-1.205293,-1.205293,-1.205293,-1.205293,-1.205293,-1.205293,-1.205293,-1.205293,-1.205293,-1.205293,-1.205293,-1.205293,-1.205293,-1.205293,-1.205293,-1.205293,-1.205293,-1.205293,-1.205293,-1.205293,-1.205293,-1.205293,-1.205293,-1.205293,-1.205293,-1.205293,-1.205293,-1.205293,-1.205293,-1.205293,-1.205293,-1.205293,-1.205293,-1.205293,-1.205293,-1.205293,-1.205293,-1.205293,-1.205293,-1.205293,-1.205293,0.5435863,0.5435863,0.5435863,0.5435863,0.5435863,0.5435863,0.5435863,0.5435863,0.5435863,0.5435863,0.5435863,0.5435863,0.5435863,0.5435863,0.5435863,0.5435863,0.5435863,0.5435863,0.5435863,0.5435863,0.5435863,0.5435863,0.5435863,0.5435863,0.5435863,0.5435863,0.5435863,0.5435863,0.5435863,0.5435863,0.5435863,0.5435863,0.5435863,0.5435863,0.5435863,0.5435863,0.5435863,0.5435863,0.5435863,0.5435863,0.5435863,0.5435863,0.5435863,0.5435863,0.5435863,0.5435863,0.5435863,0.5435863,0.5435863,0.5435863,0.5435863,0.5435863,0.5435863,0.5435863,0.5435863,0.5435863,0.5435863,0.5435863,0.5435863,0.5435863,0.5435863,0.5435863,0.5435863,0.5435863, # SOSMatrixRef_7
0.9427631,0.9427631,0.9427631,0.9427631,0.9427631,0.9427631,0.9427631,0.9427631,0.9427631,0.9427631,0.9427631,0.9427631,0.9427631,0.9427631,0.9427631,0.9427631,0.9427631,0.9427631,0.9427631,0.9427631,0.9427631,0.9427631,0.9427631,0.9427631,0.9427631,0.9427631,0.9427631,0.9427631,0.9427631,0.9427631,0.9427631,0.9427631,0.9427631,0.9427631,0.9427631,0.9427631,0.9427631,0.9427631,0.9427631,0.9427631,0.9427631,0.9427631,0.9427631,0.9427631,0.9427631,0.9427631,0.9427631,0.9427631,0.9427631,0.9427631,0.9427631,0.9427631,0.9427631,0.9427631,0.9427631,0.9427631,0.9427631,0.9427631,0.9427631,0.9427631,0.9427631,0.9427631,0.9427631,0.9427631,-1.823954,-1.823954,-1.823954,-1.823954,-1.823954,-1.823954,-1.823954,-1.823954,-1.823954,-1.823954,-1.823954,-1.823954,-1.823954,-1.823954,-1.823954,-1.823954,-1.823954,-1.823954,-1.823954,-1.823954,-1.823954,-1.823954,-1.823954,-1.823954,-1.823954,-1.823954,-1.823954,-1.823954,-1.823954,-1.823954,-1.823954,-1.823954,-1.823954,-1.823954,-1.823954,-1.823954,-1.823954,-1.823954,-1.823954,-1.823954,-1.823954,-1.823954,-1.823954,-1.823954,-1.823954,-1.823954,-1.823954,-1.823954,-1.823954,-1.823954,-1.823954,-1.823954,-1.823954,-1.823954,-1.823954,-1.823954,-1.823954,-1.823954,-1.823954,-1.823954,-1.823954,-1.823954,-1.823954,-1.823954,0.8851047,0.8851047,0.8851047,0.8851047,0.8851047,0.8851047,0.8851047,0.8851047,0.8851047,0.8851047,0.8851047,0.8851047,0.8851047,0.8851047,0.8851047,0.8851047,0.8851047,0.8851047,0.8851047,0.8851047,0.8851047,0.8851047,0.8851047,0.8851047,0.8851047,0.8851047,0.8851047,0.8851047,0.8851047,0.8851047,0.8851047,0.8851047,0.8851047,0.8851047,0.8851047,0.8851047,0.8851047,0.8851047,0.8851047,0.8851047,0.8851047,0.8851047,0.8851047,0.8851047,0.8851047,0.8851047,0.8851047,0.8851047,0.8851047,0.8851047,0.8851047,0.8851047,0.8851047,0.8851047,0.8851047,0.8851047,0.8851047,0.8851047,0.8851047,0.8851047,0.8851047,0.8851047,0.8851047,0.8851047,1,1,1,1,1,1,1,1,1,1,1,1,1,1,1,1,1,1,1,1,1,1,1,1,1,1,1,1,1,1,1,1,1,1,1,1,1,1,1,1,1,1,1,1,1,1,1,1,1,1,1,1,1,1,1,1,1,1,1,1,1,1,1,1,-1.823954,-1.823954,-1.823954,-1.823954,-1.823954,-1.823954,-1.823954,-1.823954,-1.823954,-1.823954,-1.823954,-1.823954,-1.823954,-1.823954,-1.823954,-1.823954,-1.823954,-1.823954,-1.823954,-1.823954,-1.823954,-1.823954,-1.823954,-1.823954,-1.823954,-1.823954,-1.823954,-1.823954,-1.823954,-1.823954,-1.823954,-1.823954,-1.823954,-1.823954,-1.823954,-1.823954,-1.823954,-1.823954,-1.823954,-1.823954,-1.823954,-1.823954,-1.823954,-1.823954,-1.823954,-1.823954,-1.823954,-1.823954,-1.823954,-1.823954,-1.823954,-1.823954,-1.823954,-1.823954,-1.823954,-1.823954,-1.823954,-1.823954,-1.823954,-1.823954,-1.823954,-1.823954,-1.823954,-1.823954,0.8278678,0.8278678,0.8278678,0.8278678,0.8278678,0.8278678,0.8278678,0.8278678,0.8278678,0.8278678,0.8278678,0.8278678,0.8278678,0.8278678,0.8278678,0.8278678,0.8278678,0.8278678,0.8278678,0.8278678,0.8278678,0.8278678,0.8278678,0.8278678,0.8278678,0.8278678,0.8278678,0.8278678,0.8278678,0.8278678,0.8278678,0.8278678,0.8278678,0.8278678,0.8278678,0.8278678,0.8278678,0.8278678,0.8278678,0.8278678,0.8278678,0.8278678,0.8278678,0.8278678,0.8278678,0.8278678,0.8278678,0.8278678,0.8278678,0.8278678,0.8278678,0.8278678,0.8278678,0.8278678,0.8278678,0.8278678,0.8278678,0.8278678,0.8278678,0.8278678,0.8278678,0.8278678,0.8278678,0.8278678, # SOSMatrixRef_8
1.395152,1.395152,1.395152,1.395152,1.395152,1.395152,1.395152,1.395152,1.395152,1.395152,1.395152,1.395152,1.395152,1.395152,1.395152,1.395152,1.395152,1.395152,1.395152,1.395152,1.395152,1.395152,1.395152,1.395152,1.395152,1.395152,1.395152,1.395152,1.395152,1.395152,1.395152,1.395152,1.395152,1.395152,1.395152,1.395152,1.395152,1.395152,1.395152,1.395152,1.395152,1.395152,1.395152,1.395152,1.395152,1.395152,1.395152,1.395152,1.395152,1.395152,1.395152,1.395152,1.395152,1.395152,1.395152,1.395152,1.395152,1.395152,1.395152,1.395152,1.395152,1.395152,1.395152,1.395152,-1.395053,-1.395053,-1.395053,-1.395053,-1.395053,-1.395053,-1.395053,-1.395053,-1.395053,-1.395053,-1.395053,-1.395053,-1.395053,-1.395053,-1.395053,-1.395053,-1.395053,-1.395053,-1.395053,-1.395053,-1.395053,-1.395053,-1.395053,-1.395053,-1.395053,-1.395053,-1.395053,-1.395053,-1.395053,-1.395053,-1.395053,-1.395053,-1.395053,-1.395053,-1.395053,-1.395053,-1.395053,-1.395053,-1.395053,-1.395053,-1.395053,-1.395053,-1.395053,-1.395053,-1.395053,-1.395053,-1.395053,-1.395053,-1.395053,-1.395053,-1.395053,-1.395053,-1.395053,-1.395053,-1.395053,-1.395053,-1.395053,-1.395053,-1.395053,-1.395053,-1.395053,-1.395053,-1.395053,-1.395053,0.5433116,0.5433116,0.5433116,0.5433116,0.5433116,0.5433116,0.5433116,0.5433116,0.5433116,0.5433116,0.5433116,0.5433116,0.5433116,0.5433116,0.5433116,0.5433116,0.5433116,0.5433116,0.5433116,0.5433116,0.5433116,0.5433116,0.5433116,0.5433116,0.5433116,0.5433116,0.5433116,0.5433116,0.5433116,0.5433116,0.5433116,0.5433116,0.5433116,0.5433116,0.5433116,0.5433116,0.5433116,0.5433116,0.5433116,0.5433116,0.5433116,0.5433116,0.5433116,0.5433116,0.5433116,0.5433116,0.5433116,0.5433116,0.5433116,0.5433116,0.5433116,0.5433116,0.5433116,0.5433116,0.5433116,0.5433116,0.5433116,0.5433116,0.5433116,0.5433116,0.5433116,0.5433116,0.5433116,0.5433116,1,1,1,1,1,1,1,1,1,1,1,1,1,1,1,1,1,1,1,1,1,1,1,1,1,1,1,1,1,1,1,1,1,1,1,1,1,1,1,1,1,1,1,1,1,1,1,1,1,1,1,1,1,1,1,1,1,1,1,1,1,1,1,1,-0.7799481,-0.7799481,-0.7799481,-0.7799481,-0.7799481,-0.7799481,-0.7799481,-0.7799481,-0.7799481,-0.7799481,-0.7799481,-0.7799481,-0.7799481,-0.7799481,-0.7799481,-0.7799481,-0.7799481,-0.7799481,-0.7799481,-0.7799481,-0.7799481,-0.7799481,-0.7799481,-0.7799481,-0.7799481,-0.7799481,-0.7799481,-0.7799481,-0.7799481,-0.7799481,-0.7799481,-0.7799481,-0.7799481,-0.7799481,-0.7799481,-0.7799481,-0.7799481,-0.7799481,-0.7799481,-0.7799481,-0.7799481,-0.7799481,-0.7799481,-0.7799481,-0.7799481,-0.7799481,-0.7799481,-0.7799481,-0.7799481,-0.7799481,-0.7799481,-0.7799481,-0.7799481,-0.7799481,-0.7799481,-0.7799481,-0.7799481,-0.7799481,-0.7799481,-0.7799481,-0.7799481,-0.7799481,-0.7799481,-0.7799481,0.3233589,0.3233589,0.3233589,0.3233589,0.3233589,0.3233589,0.3233589,0.3233589,0.3233589,0.3233589,0.3233589,0.3233589,0.3233589,0.3233589,0.3233589,0.3233589,0.3233589,0.3233589,0.3233589,0.3233589,0.3233589,0.3233589,0.3233589,0.3233589,0.3233589,0.3233589,0.3233589,0.3233589,0.3233589,0.3233589,0.3233589,0.3233589,0.3233589,0.3233589,0.3233589,0.3233589,0.3233589,0.3233589,0.3233589,0.3233589,0.3233589,0.3233589,0.3233589,0.3233589,0.3233589,0.3233589,0.3233589,0.3233589,0.3233589,0.3233589,0.3233589,0.3233589,0.3233589,0.3233589,0.3233589,0.3233589,0.3233589,0.3233589,0.3233589,0.3233589,0.3233589,0.3233589,0.3233589,0.3233589, # SOSMatrixRef_9
1.007692,1.007692,1.007692,1.007692,1.007692,1.007692,1.007692,1.007692,1.007692,1.007692,1.007692,1.007692,1.007692,1.007692,1.007692,1.007692,1.007692,1.007692,1.007692,1.007692,1.007692,1.007692,1.007692,1.007692,1.007692,1.007692,1.007692,1.007692,1.007692,1.007692,1.007692,1.007692,1.007692,1.007692,1.007692,1.007692,1.007692,1.007692,1.007692,1.007692,1.007692,1.007692,1.007692,1.007692,1.007692,1.007692,1.007692,1.007692,1.007692,1.007692,1.007692,1.007692,1.007692,1.007692,1.007692,1.007692,1.007692,1.007692,1.007692,1.007692,1.007692,1.007692,1.007692,1.007692,-1.95829,-1.95829,-1.95829,-1.95829,-1.95829,-1.95829,-1.95829,-1.95829,-1.95829,-1.95829,-1.95829,-1.95829,-1.95829,-1.95829,-1.95829,-1.95829,-1.95829,-1.95829,-1.95829,-1.95829,-1.95829,-1.95829,-1.95829,-1.95829,-1.95829,-1.95829,-1.95829,-1.95829,-1.95829,-1.95829,-1.95829,-1.95829,-1.95829,-1.95829,-1.95829,-1.95829,-1.95829,-1.95829,-1.95829,-1.95829,-1.95829,-1.95829,-1.95829,-1.95829,-1.95829,-1.95829,-1.95829,-1.95829,-1.95829,-1.95829,-1.95829,-1.95829,-1.95829,-1.95829,-1.95829,-1.95829,-1.95829,-1.95829,-1.95829,-1.95829,-1.95829,-1.95829,-1.95829,-1.95829,0.9535856,0.9535856,0.9535856,0.9535856,0.9535856,0.9535856,0.9535856,0.9535856,0.9535856,0.9535856,0.9535856,0.9535856,0.9535856,0.9535856,0.9535856,0.9535856,0.9535856,0.9535856,0.9535856,0.9535856,0.9535856,0.9535856,0.9535856,0.9535856,0.9535856,0.9535856,0.9535856,0.9535856,0.9535856,0.9535856,0.9535856,0.9535856,0.9535856,0.9535856,0.9535856,0.9535856,0.9535856,0.9535856,0.9535856,0.9535856,0.9535856,0.9535856,0.9535856,0.9535856,0.9535856,0.9535856,0.9535856,0.9535856,0.9535856,0.9535856,0.9535856,0.9535856,0.9535856,0.9535856,0.9535856,0.9535856,0.9535856,0.9535856,0.9535856,0.9535856,0.9535856,0.9535856,0.9535856,0.9535856,1,1,1,1,1,1,1,1,1,1,1,1,1,1,1,1,1,1,1,1,1,1,1,1,1,1,1,1,1,1,1,1,1,1,1,1,1,1,1,1,1,1,1,1,1,1,1,1,1,1,1,1,1,1,1,1,1,1,1,1,1,1,1,1,-1.958991,-1.958991,-1.958991,-1.958991,-1.958991,-1.958991,-1.958991,-1.958991,-1.958991,-1.958991,-1.958991,-1.958991,-1.958991,-1.958991,-1.958991,-1.958991,-1.958991,-1.958991,-1.958991,-1.958991,-1.958991,-1.958991,-1.958991,-1.958991,-1.958991,-1.958991,-1.958991,-1.958991,-1.958991,-1.958991,-1.958991,-1.958991,-1.958991,-1.958991,-1.958991,-1.958991,-1.958991,-1.958991,-1.958991,-1.958991,-1.958991,-1.958991,-1.958991,-1.958991,-1.958991,-1.958991,-1.958991,-1.958991,-1.958991,-1.958991,-1.958991,-1.958991,-1.958991,-1.958991,-1.958991,-1.958991,-1.958991,-1.958991,-1.958991,-1.958991,-1.958991,-1.958991,-1.958991,-1.958991,0.960577,0.960577,0.960577,0.960577,0.960577,0.960577,0.960577,0.960577,0.960577,0.960577,0.960577,0.960577,0.960577,0.960577,0.960577,0.960577,0.960577,0.960577,0.960577,0.960577,0.960577,0.960577,0.960577,0.960577,0.960577,0.960577,0.960577,0.960577,0.960577,0.960577,0.960577,0.960577,0.960577,0.960577,0.960577,0.960577,0.960577,0.960577,0.960577,0.960577,0.960577,0.960577,0.960577,0.960577,0.960577,0.960577,0.960577,0.960577,0.960577,0.960577,0.960577,0.960577,0.960577,0.960577,0.960577,0.960577,0.960577,0.960577,0.960577,0.960577,0.960577,0.960577,0.960577,0.960577, # SOSMatrixRef_10
0.9822445,0.9822445,0.9822445,0.9822445,0.9822445,0.9822445,0.9822445,0.9822445,0.9822445,0.9822445,0.9822445,0.9822445,0.9822445,0.9822445,0.9822445,0.9822445,0.9822445,0.9822445,0.9822445,0.9822445,0.9822445,0.9822445,0.9822445,0.9822445,0.9822445,0.9822445,0.9822445,0.9822445,0.9822445,0.9822445,0.9822445,0.9822445,0.9822445,0.9822445,0.9822445,0.9822445,0.9822445,0.9822445,0.9822445,0.9822445,0.9822445,0.9822445,0.9822445,0.9822445,0.9822445,0.9822445,0.9822445,0.9822445,0.9822445,0.9822445,0.9822445,0.9822445,0.9822445,0.9822445,0.9822445,0.9822445,0.9822445,0.9822445,0.9822445,0.9822445,0.9822445,0.9822445,0.9822445,0.9822445,-1.575367,-1.575367,-1.575367,-1.575367,-1.575367,-1.575367,-1.575367,-1.575367,-1.575367,-1.575367,-1.575367,-1.575367,-1.575367,-1.575367,-1.575367,-1.575367,-1.575367,-1.575367,-1.575367,-1.575367,-1.575367,-1.575367,-1.575367,-1.575367,-1.575367,-1.575367,-1.575367,-1.575367,-1.575367,-1.575367,-1.575367,-1.575367,-1.575367,-1.575367,-1.575367,-1.575367,-1.575367,-1.575367,-1.575367,-1.575367,-1.575367,-1.575367,-1.575367,-1.575367,-1.575367,-1.575367,-1.575367,-1.575367,-1.575367,-1.575367,-1.575367,-1.575367,-1.575367,-1.575367,-1.575367,-1.575367,-1.575367,-1.575367,-1.575367,-1.575367,-1.575367,-1.575367,-1.575367,-1.575367,0.8961651,0.8961651,0.8961651,0.8961651,0.8961651,0.8961651,0.8961651,0.8961651,0.8961651,0.8961651,0.8961651,0.8961651,0.8961651,0.8961651,0.8961651,0.8961651,0.8961651,0.8961651,0.8961651,0.8961651,0.8961651,0.8961651,0.8961651,0.8961651,0.8961651,0.8961651,0.8961651,0.8961651,0.8961651,0.8961651,0.8961651,0.8961651,0.8961651,0.8961651,0.8961651,0.8961651,0.8961651,0.8961651,0.8961651,0.8961651,0.8961651,0.8961651,0.8961651,0.8961651,0.8961651,0.8961651,0.8961651,0.8961651,0.8961651,0.8961651,0.8961651,0.8961651,0.8961651,0.8961651,0.8961651,0.8961651,0.8961651,0.8961651,0.8961651,0.8961651,0.8961651,0.8961651,0.8961651,0.8961651,1,1,1,1,1,1,1,1,1,1,1,1,1,1,1,1,1,1,1,1,1,1,1,1,1,1,1,1,1,1,1,1,1,1,1,1,1,1,1,1,1,1,1,1,1,1,1,1,1,1,1,1,1,1,1,1,1,1,1,1,1,1,1,1,-1.575367,-1.575367,-1.575367,-1.575367,-1.575367,-1.575367,-1.575367,-1.575367,-1.575367,-1.575367,-1.575367,-1.575367,-1.575367,-1.575367,-1.575367,-1.575367,-1.575367,-1.575367,-1.575367,-1.575367,-1.575367,-1.575367,-1.575367,-1.575367,-1.575367,-1.575367,-1.575367,-1.575367,-1.575367,-1.575367,-1.575367,-1.575367,-1.575367,-1.575367,-1.575367,-1.575367,-1.575367,-1.575367,-1.575367,-1.575367,-1.575367,-1.575367,-1.575367,-1.575367,-1.575367,-1.575367,-1.575367,-1.575367,-1.575367,-1.575367,-1.575367,-1.575367,-1.575367,-1.575367,-1.575367,-1.575367,-1.575367,-1.575367,-1.575367,-1.575367,-1.575367,-1.575367,-1.575367,-1.575367,0.8784097,0.8784097,0.8784097,0.8784097,0.8784097,0.8784097,0.8784097,0.8784097,0.8784097,0.8784097,0.8784097,0.8784097,0.8784097,0.8784097,0.8784097,0.8784097,0.8784097,0.8784097,0.8784097,0.8784097,0.8784097,0.8784097,0.8784097,0.8784097,0.8784097,0.8784097,0.8784097,0.8784097,0.8784097,0.8784097,0.8784097,0.8784097,0.8784097,0.8784097,0.8784097,0.8784097,0.8784097,0.8784097,0.8784097,0.8784097,0.8784097,0.8784097,0.8784097,0.8784097,0.8784097,0.8784097,0.8784097,0.8784097,0.8784097,0.8784097,0.8784097,0.8784097,0.8784097,0.8784097,0.8784097,0.8784097,0.8784097,0.8784097,0.8784097,0.8784097,0.8784097,0.8784097,0.8784097,0.8784097, # SOSMatrixRef_11
1.257496,1.257496,1.257496,1.257496,1.257496,1.257496,1.257496,1.257496,1.257496,1.257496,1.257496,1.257496,1.257496,1.257496,1.257496,1.257496,1.257496,1.257496,1.257496,1.257496,1.257496,1.257496,1.257496,1.257496,1.257496,1.257496,1.257496,1.257496,1.257496,1.257496,1.257496,1.257496,1.257496,1.257496,1.257496,1.257496,1.257496,1.257496,1.257496,1.257496,1.257496,1.257496,1.257496,1.257496,1.257496,1.257496,1.257496,1.257496,1.257496,1.257496,1.257496,1.257496,1.257496,1.257496,1.257496,1.257496,1.257496,1.257496,1.257496,1.257496,1.257496,1.257496,1.257496,1.257496,-1.006183,-1.006183,-1.006183,-1.006183,-1.006183,-1.006183,-1.006183,-1.006183,-1.006183,-1.006183,-1.006183,-1.006183,-1.006183,-1.006183,-1.006183,-1.006183,-1.006183,-1.006183,-1.006183,-1.006183,-1.006183,-1.006183,-1.006183,-1.006183,-1.006183,-1.006183,-1.006183,-1.006183,-1.006183,-1.006183,-1.006183,-1.006183,-1.006183,-1.006183,-1.006183,-1.006183,-1.006183,-1.006183,-1.006183,-1.006183,-1.006183,-1.006183,-1.006183,-1.006183,-1.006183,-1.006183,-1.006183,-1.006183,-1.006183,-1.006183,-1.006183,-1.006183,-1.006183,-1.006183,-1.006183,-1.006183,-1.006183,-1.006183,-1.006183,-1.006183,-1.006183,-1.006183,-1.006183,-1.006183,0.08079833,0.08079833,0.08079833,0.08079833,0.08079833,0.08079833,0.08079833,0.08079833,0.08079833,0.08079833,0.08079833,0.08079833,0.08079833,0.08079833,0.08079833,0.08079833,0.08079833,0.08079833,0.08079833,0.08079833,0.08079833,0.08079833,0.08079833,0.08079833,0.08079833,0.08079833,0.08079833,0.08079833,0.08079833,0.08079833,0.08079833,0.08079833,0.08079833,0.08079833,0.08079833,0.08079833,0.08079833,0.08079833,0.08079833,0.08079833,0.08079833,0.08079833,0.08079833,0.08079833,0.08079833,0.08079833,0.08079833,0.08079833,0.08079833,0.08079833,0.08079833,0.08079833,0.08079833,0.08079833,0.08079833,0.08079833,0.08079833,0.08079833,0.08079833,0.08079833,0.08079833,0.08079833,0.08079833,0.08079833,1,1,1,1,1,1,1,1,1,1,1,1,1,1,1,1,1,1,1,1,1,1,1,1,1,1,1,1,1,1,1,1,1,1,1,1,1,1,1,1,1,1,1,1,1,1,1,1,1,1,1,1,1,1,1,1,1,1,1,1,1,1,1,1,-1.006183,-1.006183,-1.006183,-1.006183,-1.006183,-1.006183,-1.006183,-1.006183,-1.006183,-1.006183,-1.006183,-1.006183,-1.006183,-1.006183,-1.006183,-1.006183,-1.006183,-1.006183,-1.006183,-1.006183,-1.006183,-1.006183,-1.006183,-1.006183,-1.006183,-1.006183,-1.006183,-1.006183,-1.006183,-1.006183,-1.006183,-1.006183,-1.006183,-1.006183,-1.006183,-1.006183,-1.006183,-1.006183,-1.006183,-1.006183,-1.006183,-1.006183,-1.006183,-1.006183,-1.006183,-1.006183,-1.006183,-1.006183,-1.006183,-1.006183,-1.006183,-1.006183,-1.006183,-1.006183,-1.006183,-1.006183,-1.006183,-1.006183,-1.006183,-1.006183,-1.006183,-1.006183,-1.006183,-1.006183,0.3382943,0.3382943,0.3382943,0.3382943,0.3382943,0.3382943,0.3382943,0.3382943,0.3382943,0.3382943,0.3382943,0.3382943,0.3382943,0.3382943,0.3382943,0.3382943,0.3382943,0.3382943,0.3382943,0.3382943,0.3382943,0.3382943,0.3382943,0.3382943,0.3382943,0.3382943,0.3382943,0.3382943,0.3382943,0.3382943,0.3382943,0.3382943,0.3382943,0.3382943,0.3382943,0.3382943,0.3382943,0.3382943,0.3382943,0.3382943,0.3382943,0.3382943,0.3382943,0.3382943,0.3382943,0.3382943,0.3382943,0.3382943,0.3382943,0.3382943,0.3382943,0.3382943,0.3382943,0.3382943,0.3382943,0.3382943,0.3382943,0.3382943,0.3382943,0.3382943,0.3382943,0.3382943,0.3382943,0.3382943, # SOSMatrixRef_12
